 Timestamp        NGCMN    NGCMX     NGC     S0C   S1C       EC      OGCMN      OGCMX       OGC         OC       MCMN     MCMX      MC     CCSMN    CCSMX     CCSC    YGC    FGC   CGC
       180502.4      0.0 262144.0 164864.0    0.0 1024.0 163840.0        0.0   262144.0    97280.0    97280.0      0.0 1128448.0  90880.0      0.0 1048576.0  11520.0    110     0     6
       180503.4      0.0 262144.0 164864.0    0.0 1024.0 163840.0        0.0   262144.0    97280.0    97280.0      0.0 1128448.0  90880.0      0.0 1048576.0  11520.0    110     0     6
       180504.4      0.0 262144.0 164864.0    0.0 1024.0 163840.0        0.0   262144.0    97280.0    97280.0      0.0 1128448.0  90880.0      0.0 1048576.0  11520.0    110     0     6
       180505.4      0.0 262144.0 164864.0    0.0 1024.0 163840.0        0.0   262144.0    97280.0    97280.0      0.0 1128448.0  90880.0      0.0 1048576.0  11520.0    110     0     6
       180506.4      0.0 262144.0 164864.0    0.0 1024.0 163840.0        0.0   262144.0    97280.0    97280.0      0.0 1128448.0  90880.0      0.0 1048576.0  11520.0    110     0     6
       180507.4      0.0 262144.0 164864.0    0.0 1024.0 163840.0        0.0   262144.0    97280.0    97280.0      0.0 1128448.0  90880.0      0.0 1048576.0  11520.0    110     0     6
       180508.4      0.0 262144.0 164864.0    0.0 1024.0 163840.0        0.0   262144.0    97280.0    97280.0      0.0 1128448.0  90880.0      0.0 1048576.0  11520.0    110     0     6
       180509.4      0.0 262144.0 164864.0    0.0 1024.0 163840.0        0.0   262144.0    97280.0    97280.0      0.0 1128448.0  90880.0      0.0 1048576.0  11520.0    110     0     6
       180510.4      0.0 262144.0 164864.0    0.0 1024.0 163840.0        0.0   262144.0    97280.0    97280.0      0.0 1128448.0  90880.0      0.0 1048576.0  11520.0    110     0     6
       180511.4      0.0 262144.0 164864.0    0.0 1024.0 163840.0        0.0   262144.0    97280.0    97280.0      0.0 1128448.0  90880.0      0.0 1048576.0  11520.0    110     0     6
       180512.4      0.0 262144.0 164864.0    0.0 1024.0 163840.0        0.0   262144.0    97280.0    97280.0      0.0 1128448.0  90880.0      0.0 1048576.0  11520.0    110     0     6
       180513.4      0.0 262144.0 164864.0    0.0 1024.0 163840.0        0.0   262144.0    97280.0    97280.0      0.0 1128448.0  90880.0      0.0 1048576.0  11520.0    110     0     6
       180514.4      0.0 262144.0 164864.0    0.0 1024.0 163840.0        0.0   262144.0    97280.0    97280.0      0.0 1128448.0  90880.0      0.0 1048576.0  11520.0    110     0     6
       180515.4      0.0 262144.0 164864.0    0.0 1024.0 163840.0        0.0   262144.0    97280.0    97280.0      0.0 1128448.0  90880.0      0.0 1048576.0  11520.0    110     0     6
       180516.4      0.0 262144.0 164864.0    0.0 1024.0 163840.0        0.0   262144.0    97280.0    97280.0      0.0 1128448.0  90880.0      0.0 1048576.0  11520.0    110     0     6
       180517.4      0.0 262144.0 164864.0    0.0 1024.0 163840.0        0.0   262144.0    97280.0    97280.0      0.0 1128448.0  90880.0      0.0 1048576.0  11520.0    110     0     6
       180518.4      0.0 262144.0 164864.0    0.0 1024.0 163840.0        0.0   262144.0    97280.0    97280.0      0.0 1128448.0  90880.0      0.0 1048576.0  11520.0    110     0     6
       180519.4      0.0 262144.0 164864.0    0.0 1024.0 163840.0        0.0   262144.0    97280.0    97280.0      0.0 1128448.0  90880.0      0.0 1048576.0  11520.0    110     0     6
       180520.5      0.0 262144.0 164864.0    0.0 1024.0 163840.0        0.0   262144.0    97280.0    97280.0      0.0 1128448.0  90880.0      0.0 1048576.0  11520.0    110     0     6
       180521.5      0.0 262144.0 164864.0    0.0 1024.0 163840.0        0.0   262144.0    97280.0    97280.0      0.0 1128448.0  90880.0      0.0 1048576.0  11520.0    110     0     6
       180522.5      0.0 262144.0 164864.0    0.0 1024.0 163840.0        0.0   262144.0    97280.0    97280.0      0.0 1128448.0  90880.0      0.0 1048576.0  11520.0    110     0     6
       180523.5      0.0 262144.0 164864.0    0.0 1024.0 163840.0        0.0   262144.0    97280.0    97280.0      0.0 1128448.0  90880.0      0.0 1048576.0  11520.0    110     0     6
       180524.5      0.0 262144.0 164864.0    0.0 1024.0 163840.0        0.0   262144.0    97280.0    97280.0      0.0 1128448.0  90880.0      0.0 1048576.0  11520.0    110     0     6
       180525.5      0.0 262144.0 164864.0    0.0 1024.0 163840.0        0.0   262144.0    97280.0    97280.0      0.0 1128448.0  90880.0      0.0 1048576.0  11520.0    110     0     6
       180526.5      0.0 262144.0 164864.0    0.0 1024.0 163840.0        0.0   262144.0    97280.0    97280.0      0.0 1128448.0  90880.0      0.0 1048576.0  11520.0    110     0     6
       180527.5      0.0 262144.0 164864.0    0.0 1024.0 163840.0        0.0   262144.0    97280.0    97280.0      0.0 1128448.0  90880.0      0.0 1048576.0  11520.0    110     0     6
       180528.5      0.0 262144.0 164864.0    0.0 1024.0 163840.0        0.0   262144.0    97280.0    97280.0      0.0 1128448.0  90880.0      0.0 1048576.0  11520.0    110     0     6
       180529.5      0.0 262144.0 164864.0    0.0 1024.0 163840.0        0.0   262144.0    97280.0    97280.0      0.0 1128448.0  90880.0      0.0 1048576.0  11520.0    110     0     6
       180530.5      0.0 262144.0 164864.0    0.0 1024.0 163840.0        0.0   262144.0    97280.0    97280.0      0.0 1128448.0  90880.0      0.0 1048576.0  11520.0    110     0     6
       180531.5      0.0 262144.0 164864.0    0.0 1024.0 163840.0        0.0   262144.0    97280.0    97280.0      0.0 1128448.0  90880.0      0.0 1048576.0  11520.0    110     0     6